2,2
9947047936.000000  14200596480.000000  
10519836672.000000  16034406400.000000  

9,9
31011368960.000000  35692490752.000000  40653840384.000000  37119512576.000000  42842955776.000000  39459049472.000000  30211184640.000000  46541451264.000000  34304520192.000000  
24080248832.000000  30950047744.000000  23444666368.000000  29827063808.000000  20632508416.000000  35857952768.000000  18558586880.000000  31712135168.000000  24437891072.000000  
29950961664.000000  32449599488.000000  29768992768.000000  34601570304.000000  27019243520.000000  30997729280.000000  26253744128.000000  33139957760.000000  28919156736.000000  
38604587008.000000  31099654144.000000  38702022656.000000  33331275776.000000  30242897920.000000  31965812736.000000  30244591616.000000  41378185216.000000  31494414336.000000  
44799877120.000000  38475112448.000000  42816954368.000000  36034109440.000000  36939620352.000000  42481991680.000000  28141512704.000000  45637537792.000000  35726962688.000000  
42915659776.000000  34918649856.000000  42301124608.000000  32050763776.000000  27556040704.000000  35897802752.000000  31255103488.000000  45523914752.000000  32956485632.000000  
53905489920.000000  51372486656.000000  48444203008.000000  45643157504.000000  45019131904.000000  57555542016.000000  42863611904.000000  62418927616.000000  38718029824.000000  
32408606720.000000  24765462528.000000  28068843520.000000  31274745856.000000  31515322368.000000  38591107072.000000  36611284992.000000  38617710592.000000  26445129728.000000  
43252613120.000000  36580364288.000000  39397666816.000000  32133015552.000000  33968867328.000000  46037663744.000000  26094057472.000000  44233658368.000000  33150509056.000000  

6,6
25049268224.000000  31578617856.000000  45075443712.000000  32844382208.000000  34785144832.000000  30859464704.000000  
20260261888.000000  21544812544.000000  35054784512.000000  28377511936.000000  27311804416.000000  18592385024.000000  
21388394496.000000  27709687808.000000  31834464256.000000  21600573440.000000  22694690816.000000  21703563264.000000  
18725113856.000000  26044006400.000000  35580141568.000000  20200019968.000000  27671281664.000000  25206343680.000000  
23428155392.000000  23819218944.000000  35154919424.000000  22215217152.000000  27596326912.000000  14594846720.000000  
17833863168.000000  28363603968.000000  37675216896.000000  16512987136.000000  26580754432.000000  23864139776.000000  

2,2
46553718784.000000  72987795456.000000  
42626166784.000000  55360135168.000000  

